2025.  10.  02. 48 60 73 84 55 
2025.  10.  09. 25 31 46 70 24 
2025.  10.  16. 78 79 69 71 23 
2025.  10.  23. 5 82 36 39 63 
2025.  10.  30. 42 49 74 72 41 
2025.  11.  06. 76 17 66 88 28 
2025.  11.  13. 8 49 43 83 84 
2025.  11.  20. 52 12 11 77 66 
2025.  11.  27. 1 54 41 38 22 
2025.  12.  04. 87 70 84 79 81 
2025.  12.  11. 41 49 61 71 88 
2025.  12.  18. 90 34 89 55 85 
2025.  12.  25. 11 35 38 65 72 
2026.  01.  01. 83 78 13 75 56 
2026.  01.  08. 72 45 85 68 5 
2026.  01.  15. 27 59 18 49 87 
2026.  01.  22. 44 64 63 66 16 
2026.  01.  29. 88 21 44 10 51 
2026.  02.  05. 80 60 3 56 7 
2026.  02.  12. 61 26 72 67 44 
2026.  02.  19. 52 69 26 43 20 
